       time    syscall       addr       size
          4         11 3221222203         16
         27        197 3221220032         96
         37        195 3221220144         96
         41        195 3221220144         96
         45        195 3221220144         96
         49        195 3221220144         96
         53        195 3221220144         96
         57        195 3221220144         96
         61        195 3221220144         96
         65        195 3221220144         96
         69        195 3221220144         96
         73        195 3221220144         96
         77        195 3221220144         96
         81        195 3221220144         96
         85        195 3221220144         96
         89        195 3221220144         96
         93        195 3221220144         96
         97        195 3221220144         96
        101        195 3221220144         96
        105        195 3221220144         96
        109        195 3221220144         96
        113        195 3221220144         96
        117        195 3221220144         96
        121        195 3221220144         96
        125        195 3221220144         96
        129        195 3221220144         96
        133        195 3221220144         96
        137        195 3221220144         96
        141        195 3221220144         96
        145        195 3221220144         96
        149        195 3221220144         96
        153        195 3221220144         96
        157        195 3221220144         96
        161        195 3221220144         96
        165        195 3221220144         96
        169        195 3221220144         96
        173        195 3221220144         96
        177        195 3221220144         96
        181        195 3221220144         96
        185        195 3221220144         96
        189        195 3221220144         96
        193        195 3221220144         96
        197        195 3221220144         96
        201        195 3221220144         96
        205        195 3221220144         96
        209        195 3221220144         96
        213        195 3221220144         96
        217        195 3221220144         96
        221        195 3221220144         96
        225        195 3221220144         96
        229        195 3221220144         96
        233        195 3221220144         96
        237        195 3221220144         96
        241        195 3221220144         96
        245        195 3221220144         96
        249        195 3221220144         96
        253        195 3221220144         96
        257        195 3221220144         96
        261        195 3221220144         96
        265        195 3221220144         96
        269        195 3221220144         96
        273        195 3221220144         96
        277        195 3221220144         96
        281        195 3221220144         96
        285        195 3221220144         96
        289        195 3221220144         96
        301          3 3221220196        512
        303        197 3221219968         96
        317          3 3221220164        512
        319        197 3221219936         96
        334        243 3221221200         16
        351        258 3082811176          4
        355        240 3221221588          4
        357        174          0          0
        359        174          0          0
        361        175          0          0
        363        191 3221221580          8
        365        122 3221220928        390
        375        120 3082808232          4
        375        120 3221221488          4
        375        120 3082808232         16
        375        120 3082808232          4
        375        120 3221221488          4
        381        120 3074415528          4
        381        120 3221221488          4
        381        120 3074415528         16
        381        120 3074415528          4
        381        120 3221221488          4
        387        120 3066022824          4
        387        120 3221221488          4
        387        120 3066022824         16
        387        120 3066022824          4
        387        120 3221221488          4
        393        120 3057630120          4
        393        120 3221221488          4
        393        120 3057630120         16
        393        120 3057630120          4
        393        120 3221221488          4
        427        240 3082808232          4
        429        197 3221219856         96
